8  0  349
8  1  342
8  2  398
8  3  443
8  4  353
8  5  396
8  6  519
8  7  336
8  8  364
8  9  386
8  10  472
8  11  366
8  12  340
8  13  439
8  14  427
8  15  429
8  16  339
8  17  504
8  18  391
8  19  398
8  20  508
8  21  409
8  22  342
8  23  332
8  24  415
8  25  345
8  26  375
8  27  399
8  28  475
8  29  414
8  30  425
8  31  328
8  32  325
8  33  387
8  34  486
8  35  414
8  36  315
8  37  388
8  38  275
8  39  409
8  40  379
8  41  398
8  42  447
8  43  476
8  44  361
8  45  269
8  46  336
8  47  531
8  48  384
8  49  417
8  50  407
8  51  357
8  52  464
8  53  420
8  54  397
8  55  338
8  56  487
8  57  460
8  58  290
8  59  472
8  60  456
8  61  404
8  62  427
8  63  441
8  64  419
8  65  408
8  66  386
8  67  418
8  68  374
8  69  335
8  70  469
8  71  447
8  72  362
8  73  436
8  74  438
8  75  423
8  76  297
8  77  356
8  78  376
8  79  364
8  80  424
8  81  361
8  82  407
8  83  448
8  84  398
8  85  395
8  86  338
8  87  403
8  88  429
8  89  469
8  90  433
8  91  343
8  92  394
8  93  395
8  94  422
8  95  353
8  96  382
8  97  426
8  98  471
8  99  426
8  100  468
8  101  436
8  102  381
8  103  430
8  104  393
8  105  384
8  106  452
8  107  308
8  108  367
8  109  373
8  110  379
8  111  455
8  112  387
8  113  447
8  114  430
8  115  436
8  116  387
8  117  420
8  118  372
8  119  378
8  120  455
8  121  309
8  122  512
8  123  420
8  124  458
8  125  388
8  126  378
8  127  422
8  128  416
8  129  477
8  130  404
8  131  347
8  132  497
8  133  295
8  134  264
8  135  366
8  136  391
8  137  458
8  138  445
8  139  390
8  140  435
8  141  396
8  142  387
8  143  314
8  144  310
8  145  498
8  146  381
8  147  486
8  148  366
8  149  405
8  150  371
8  151  313
8  152  364
8  153  336
8  154  376
8  155  424
8  156  416
8  157  292
8  158  365
8  159  503
8  160  399
8  161  444
8  162  472
8  163  444
8  164  323
8  165  506
8  166  379
8  167  396
8  168  377
8  169  352
8  170  445
8  171  299
8  172  398
8  173  432
8  174  353
8  175  312
8  176  369
8  177  287
8  178  386
8  179  348
8  180  411
8  181  486
8  182  347
8  183  399
8  184  430
8  185  485
8  186  346
8  187  354
8  188  407
8  189  445
8  190  463
8  191  367
8  192  370
8  193  475
8  194  451
8  195  342
8  196  473
8  197  388
8  198  418
8  199  305
8  200  381
8  201  396
8  202  439
8  203  405
8  204  357
8  205  393
8  206  318
8  207  406
8  208  478
8  209  382
8  210  360
8  211  379
8  212  458
8  213  401
8  214  397
8  215  511
8  216  373
8  217  391
8  218  509
8  219  427
8  220  271
8  221  304
8  222  382
8  223  301
8  224  349
8  225  352
8  226  358
8  227  442
8  228  415
8  229  375
8  230  334
8  231  343
8  232  376
8  233  367
8  234  365
8  235  419
8  236  454
8  237  276
8  238  433
8  239  368
8  240  358
8  241  427
8  242  437
8  243  400
8  244  371
8  245  434
8  246  426
8  247  394
8  248  309
8  249  483
8  250  378
8  251  506
8  252  389
8  253  274
8  254  322
8  255  366
8  256  407
8  257  358
8  258  373
8  259  465
8  260  514
8  261  431
8  262  432
8  263  459
8  264  499
8  265  451
8  266  370
8  267  428
8  268  440
8  269  412
8  270  381
8  271  286
8  272  442
8  273  414
8  274  392
8  275  370
8  276  398
8  277  401
8  278  421
8  279  319
8  280  394
8  281  426
8  282  364
8  283  463
8  284  441
8  285  443
8  286  360
8  287  441
8  288  287
8  289  420
8  290  458
8  291  428
8  292  444
8  293  457
8  294  429
8  295  443
8  296  420
8  297  377
8  298  399
8  299  436
8  300  419
8  301  491
8  302  311
8  303  487
8  304  404
8  305  420
8  306  340
8  307  423
8  308  257
8  309  352
8  310  473
8  311  364
8  312  353
8  313  326
8  314  297
8  315  394
8  316  417
8  317  371
8  318  314
8  319  414
8  320  406
8  321  365
8  322  316
8  323  377
8  324  434
8  325  465
8  326  436
8  327  423
8  328  356
8  329  404
8  330  444
8  331  347
8  332  389
8  333  427
8  334  420
8  335  402
8  336  353
8  337  273
8  338  413
8  339  355
8  340  384
8  341  406
8  342  486
8  343  429
8  344  310
8  345  299
8  346  417
8  347  423
8  348  384
8  349  394
8  350  405
8  351  317
8  352  375
8  353  411
8  354  390
8  355  531
8  356  374
8  357  415
8  358  440
8  359  416
8  360  332
8  361  427
8  362  316
8  363  416
8  364  386
8  365  427
8  366  344
8  367  416
8  368  392
8  369  426
8  370  310
8  371  398
8  372  360
8  373  382
8  374  383
8  375  371
8  376  446
8  377  451
8  378  411
8  379  439
8  380  301
8  381  352
8  382  321
8  383  400
8  384  416
8  385  328
8  386  344
8  387  486
8  388  388
8  389  405
8  390  465
8  391  503
8  392  405
8  393  487
8  394  395
8  395  449
8  396  388
8  397  301
8  398  402
8  399  425
8  400  351
8  401  337
8  402  370
8  403  338
8  404  448
8  405  395
8  406  339
8  407  424
8  408  376
8  409  258
8  410  460
8  411  504
8  412  369
8  413  480
8  414  523
8  415  402
8  416  412
8  417  340
8  418  373
8  419  447
8  420  301
8  421  390
8  422  504
8  423  327
8  424  365
8  425  473
8  426  386
8  427  391
8  428  343
8  429  378
8  430  363
8  431  416
8  432  399
8  433  404
8  434  433
8  435  394
8  436  442
8  437  483
8  438  410
8  439  381
8  440  380
8  441  475
8  442  394
8  443  385
8  444  391
8  445  458
8  446  440
8  447  385
8  448  394
8  449  387
8  450  389
8  451  470
8  452  376
8  453  310
8  454  397
8  455  383
8  456  447
8  457  420
8  458  353
8  459  403
8  460  449
8  461  329
8  462  418
8  463  381
8  464  414
8  465  482
8  466  365
8  467  429
8  468  384
8  469  315
8  470  338
8  471  496
8  472  432
8  473  386
8  474  460
8  475  392
8  476  407
8  477  254
8  478  413
8  479  432
8  480  399
8  481  337
8  482  388
8  483  399
8  484  405
8  485  461
8  486  371
8  487  424
8  488  451
8  489  446
8  490  513
8  491  451
8  492  376
8  493  424
8  494  395
8  495  391
8  496  473
8  497  438
8  498  417
8  499  286
8  500  385
8  501  292
8  502  364
8  503  405
8  504  331
8  505  419
8  506  442
8  507  426
8  508  460
8  509  406
8  510  403
8  511  303
8  512  343
8  513  315
8  514  391
8  515  450
8  516  402
8  517  394
8  518  307
8  519  455
8  520  368
8  521  420
8  522  236
8  523  392
8  524  392
8  525  311
8  526  317
8  527  337
8  528  403
8  529  359
8  530  367
8  531  386
8  532  421
8  533  348
8  534  452
8  535  533
8  536  433
8  537  457
8  538  464
8  539  334
8  540  429
8  541  401
8  542  361
8  543  443
8  544  381
8  545  332
8  546  427
8  547  416
8  548  343
8  549  440
8  550  438
8  551  406
8  552  261
8  553  333
8  554  339
8  555  361
8  556  368
8  557  423
8  558  316
8  559  355
8  560  520
8  561  449
8  562  384
8  563  321
8  564  368
8  565  317
8  566  502
8  567  430
8  568  453
8  569  374
8  570  438
8  571  415
8  572  326
8  573  343
8  574  326
8  575  327
8  576  446
8  577  365
8  578  444
8  579  413
8  580  468
8  581  423
8  582  347
8  583  323
8  584  425
8  585  386
8  586  437
8  587  353
8  588  312
8  589  327
8  590  367
8  591  400
8  592  346
8  593  406
8  594  326
8  595  393
8  596  389
8  597  505
8  598  284
8  599  276
8  600  515
8  601  349
8  602  447
8  603  424
8  604  370
8  605  447
8  606  351
8  607  391
8  608  401
8  609  362
8  610  368
8  611  311
8  612  479
8  613  332
8  614  450
8  615  389
8  616  302
8  617  420
8  618  276
8  619  366
8  620  439
8  621  396
8  622  323
8  623  388
8  624  318
8  625  367
8  626  380
8  627  375
8  628  390
8  629  420
8  630  328
8  631  477
8  632  457
8  633  377
8  634  348
8  635  370
8  636  376
8  637  364
8  638  450
8  639  337
8  640  466
8  641  434
8  642  419
8  643  373
8  644  376
8  645  322
8  646  356
8  647  386
8  648  457
8  649  370
8  650  372
8  651  404
8  652  412
8  653  390
8  654  392
8  655  399
8  656  388
8  657  426
8  658  355
8  659  437
8  660  416
8  661  407
8  662  356
8  663  421
8  664  383
8  665  475
8  666  428
8  667  386
8  668  276
8  669  431
8  670  323
8  671  466
8  672  485
8  673  473
8  674  350
8  675  397
8  676  401
8  677  323
8  678  347
8  679  373
8  680  421
8  681  478
8  682  438
8  683  412
8  684  304
8  685  404
8  686  386
8  687  453
8  688  340
8  689  468
8  690  463
8  691  326
8  692  350
8  693  344
8  694  477
8  695  357
8  696  516
8  697  448
8  698  424
8  699  429
8  700  329
8  701  450
8  702  384
8  703  393
8  704  399
8  705  508
8  706  380
8  707  373
8  708  337
8  709  385
8  710  460
8  711  309
8  712  270
8  713  454
8  714  417
8  715  331
8  716  435
8  717  351
8  718  342
8  719  370
8  720  420
8  721  345
8  722  429
8  723  417
8  724  437
8  725  436
8  726  403
8  727  410
8  728  406
8  729  356
8  730  450
8  731  401
8  732  283
8  733  416
8  734  442
8  735  409
8  736  444
8  737  489
8  738  474
8  739  412
8  740  415
8  741  419
8  742  446
8  743  378
8  744  468
8  745  393
8  746  434
8  747  424
8  748  386
8  749  426
8  750  386
8  751  382
8  752  372
8  753  456
8  754  479
8  755  407
8  756  324
8  757  497
8  758  387
8  759  343
8  760  392
8  761  392
8  762  392
8  763  392
8  764  392
8  765  392
8  766  392
8  767  392
